%YAML:1.0

# output directory
output_dir: "/root/larvio_results/"

# switches
if_FEJ: 1    # 0(false) or 1(true)
estimate_extrin: 1    # 0(false) or 1(true)
estimate_td: 1    # 0(false) or 1(true)
calib_imu_instrinsic: 1    # 0(false) or 1(true)

# camera instrinsic
camera_model: "pinhole"     # only support "pinhole"
distortion_model: "radtan"  # only support "radtan" and "equidistant"
resolution_width: 320
resolution_height: 240
intrinsics:
   fx: 301.9184473871537
   fy: 301.89053086660675
   cx: 175.28230601681472
   cy: 105.98553946309906
distortion_coeffs:
   k1: 0.08228146670385972
   k2: -0.1794815806246858
   p1: -9.094443637190344e-05
   p2: 0.002132490424624271

# imu-camera extrinsic, including spacial and temporal parameters
T_cam_imu: !!opencv-matrix
   rows: 4
   cols: 4
   dt: d
   data:
      [-0.01850845060178319, -0.9993747335319275, 0.030126055737681567, 0.025296672019811742,
      0.009536171832166151, 0.029953396699291646, 0.9995058056124346, 0.2506342058845749,
      -0.9997832258460374, 0.018786591073513215, 0.008975818220521292, -0.21036895480400616,
      0, 0, 0, 1.000000000000000]
td: -0.0914391279288567

# TODO: if calibrate camera instrinsic online

# visual front-end parameters
pyramid_levels: 2
patch_size: 21
fast_threshold: 30
max_iteration: 30
track_precision: 0.01
ransac_threshold: 1
#max_features_num: 200
max_features_num: 100
#min_distance: 20
min_distance: 15
flag_equalize: 0    # 0(false) or 1(true)
pub_frequency: 10

# window size
sw_size: 20

# online reset thresholds
position_std_threshold: 8.0
rotation_threshold: 0.2618
translation_threshold: 0.4
tracking_rate_threshold: 0.5

# feature triangulation parameters
least_observation_number: 3
max_track_len: 6
feature_translation_threshold: -1.0

# imu and camera measurement noise parameters
noise_gyro: 2.0234495373138493e-03
noise_acc: 1.8943828009599737e-02
noise_gyro_bias: 1.2288569449233285e-04
noise_acc_bias: 1.6001151030830638e-03
noise_feature: 0.008

# filter intial covariance
initial_covariance_orientation: 4e-4
initial_covariance_velocity: 0.25
initial_covariance_position: 1.0
initial_covariance_gyro_bias: 4e-4
initial_covariance_acc_bias: 0.01
initial_covariance_extrin_rot: 3.0462e-8
initial_covariance_extrin_trans: 9e-8

# fej settings
reset_fej_threshold: 10.11

# zupt settings
if_ZUPT_valid: 1    # 0(false) or 1(true)
zupt_max_feature_dis: 2e-3
zupt_noise_v: 1e-2    # std
zupt_noise_p: 1e-2
zupt_noise_q: 3.4e-2

# static initialization setting
static_duration: 1.0

# measurement rate
imu_rate: 117
img_rate: 45.6

# augmented feature state settings
max_features_in_one_grid: 1     # pure msckf if set to 0
aug_grid_rows: 5
aug_grid_cols: 6
feature_idp_dim: 1              # 1 or 3

# if apply Schmidt filter
use_schmidt: 0    # 0(false) or 1(true)
